{"asset":{"version":"2.0","generator":"THREE.GLTFExporter"},"scenes":[{"nodes":[703],"name":"AuxScene"}],"scene":0,"nodes":[{"name":"_dd_Geometry_AfterMagnetRegion_T_FT_Layers_lvLayer5X1_pvQuarter0_pvFTModule00x1830c950","mesh":0},{"matrix":[1,0,0,0,0,-1,-1.2246467991473532e-16,0,0,1.2246467991473532e-16,-1,0,-265,-1212.75,0,1],"children":[0]},{"name":"_dd_Geometry_AfterMagnetRegion_T_FT_Layers_lvLayer5X1_pvQuarter0_pvFTModule10x1830ef70","mesh":1},{"matrix":[1,0,0,0,0,-1,-1.2246467991473532e-16,0,0,1.2246467991473532e-16,-1,0,-795,-1212.75,0,1],"children":[2]},{"name":"_dd_Geometry_AfterMagnetRegion_T_FT_Layers_lvLayer5X1_pvQuarter0_pvFTModule20x1830f060","mesh":2},{"matrix":[1,0,0,0,0,-1,-1.2246467991473532e-16,0,0,1.2246467991473532e-16,-1,0,-1325,-1212.75,0,1],"children":[4]},{"name":"_dd_Geometry_AfterMagnetRegion_T_FT_Layers_lvLayer5X1_pvQuarter0_pvFTModule30x1830f210","mesh":3},{"matrix":[1,0,0,0,0,-1,-1.2246467991473532e-16,0,0,1.2246467991473532e-16,-1,0,-1855,-1212.75,0,1],"children":[6]},{"name":"_dd_Geometry_AfterMagnetRegion_T_FT_Layers_lvLayer5X1_pvQuarter0_pvFTModule40x1830f7a0","mesh":4},{"matrix":[1,0,0,0,0,-1,-1.2246467991473532e-16,0,0,1.2246467991473532e-16,-1,0,-2385,-1212.75,0,1],"children":[8]},{"name":"_dd_Geometry_AfterMagnetRegion_T_FT_Layers_lvLayer5X1_pvQuarter1_pvFTModule00x18312390","mesh":5},{"matrix":[1,0,0,0,0,-1,-1.2246467991473532e-16,0,0,1.2246467991473532e-16,-1,0,265,-1212.75,0,1],"children":[10]},{"name":"_dd_Geometry_AfterMagnetRegion_T_FT_Layers_lvLayer5X1_pvQuarter1_pvFTModule10x18312480","mesh":6},{"matrix":[1,0,0,0,0,-1,-1.2246467991473532e-16,0,0,1.2246467991473532e-16,-1,0,795,-1212.75,0,1],"children":[12]},{"name":"_dd_Geometry_AfterMagnetRegion_T_FT_Layers_lvLayer5X1_pvQuarter1_pvFTModule20x18312570","mesh":7},{"matrix":[1,0,0,0,0,-1,-1.2246467991473532e-16,0,0,1.2246467991473532e-16,-1,0,1325,-1212.75,0,1],"children":[14]},{"name":"_dd_Geometry_AfterMagnetRegion_T_FT_Layers_lvLayer5X1_pvQuarter1_pvFTModule30x18312aa0","mesh":8},{"matrix":[1,0,0,0,0,-1,-1.2246467991473532e-16,0,0,1.2246467991473532e-16,-1,0,1855,-1212.75,0,1],"children":[16]},{"name":"_dd_Geometry_AfterMagnetRegion_T_FT_Layers_lvLayer5X1_pvQuarter1_pvFTModule40x18312c20","mesh":9},{"matrix":[1,0,0,0,0,-1,-1.2246467991473532e-16,0,0,1.2246467991473532e-16,-1,0,2385,-1212.75,0,1],"children":[18]},{"name":"_dd_Geometry_AfterMagnetRegion_T_FT_Layers_lvLayer5X1_pvQuarter2_pvFTModule00x18312da0","mesh":10},{"matrix":[-1,1.2246467991473532e-16,1.4997597826618576e-32,0,1.2246467991473532e-16,1,1.2246467991473532e-16,0,0,1.2246467991473532e-16,-1,0,-265,1212.75,0,1],"children":[20]},{"name":"_dd_Geometry_AfterMagnetRegion_T_FT_Layers_lvLayer5X1_pvQuarter2_pvFTModule10x18312f20","mesh":11},{"matrix":[-1,1.2246467991473532e-16,1.4997597826618576e-32,0,1.2246467991473532e-16,1,1.2246467991473532e-16,0,0,1.2246467991473532e-16,-1,0,-795,1212.75,0,1],"children":[22]},{"name":"_dd_Geometry_AfterMagnetRegion_T_FT_Layers_lvLayer5X1_pvQuarter2_pvFTModule20x183130a0","mesh":12},{"matrix":[-1,1.2246467991473532e-16,1.4997597826618576e-32,0,1.2246467991473532e-16,1,1.2246467991473532e-16,0,0,1.2246467991473532e-16,-1,0,-1325,1212.75,0,1],"children":[24]},{"name":"_dd_Geometry_AfterMagnetRegion_T_FT_Layers_lvLayer5X1_pvQuarter2_pvFTModule30x18313220","mesh":13},{"matrix":[-1,1.2246467991473532e-16,1.4997597826618576e-32,0,1.2246467991473532e-16,1,1.2246467991473532e-16,0,0,1.2246467991473532e-16,-1,0,-1855,1212.75,0,1],"children":[26]},{"name":"_dd_Geometry_AfterMagnetRegion_T_FT_Layers_lvLayer5X1_pvQuarter2_pvFTModule40x183133a0","mesh":14},{"matrix":[-1,1.2246467991473532e-16,1.4997597826618576e-32,0,1.2246467991473532e-16,1,1.2246467991473532e-16,0,0,1.2246467991473532e-16,-1,0,-2385,1212.75,0,1],"children":[28]},{"name":"_dd_Geometry_AfterMagnetRegion_T_FT_Layers_lvLayer5X1_pvQuarter3_pvFTModule00x18313520","mesh":15},{"matrix":[-1,1.2246467991473532e-16,1.4997597826618576e-32,0,1.2246467991473532e-16,1,1.2246467991473532e-16,0,0,1.2246467991473532e-16,-1,0,265,1212.75,0,1],"children":[30]},{"name":"_dd_Geometry_AfterMagnetRegion_T_FT_Layers_lvLayer5X1_pvQuarter3_pvFTModule10x183136a0","mesh":16},{"matrix":[-1,1.2246467991473532e-16,1.4997597826618576e-32,0,1.2246467991473532e-16,1,1.2246467991473532e-16,0,0,1.2246467991473532e-16,-1,0,795,1212.75,0,1],"children":[32]},{"name":"_dd_Geometry_AfterMagnetRegion_T_FT_Layers_lvLayer5X1_pvQuarter3_pvFTModule20x183138a0","mesh":17},{"matrix":[-1,1.2246467991473532e-16,1.4997597826618576e-32,0,1.2246467991473532e-16,1,1.2246467991473532e-16,0,0,1.2246467991473532e-16,-1,0,1325,1212.75,0,1],"children":[34]},{"name":"_dd_Geometry_AfterMagnetRegion_T_FT_Layers_lvLayer5X1_pvQuarter3_pvFTModule30x18313a20","mesh":18},{"matrix":[-1,1.2246467991473532e-16,1.4997597826618576e-32,0,1.2246467991473532e-16,1,1.2246467991473532e-16,0,0,1.2246467991473532e-16,-1,0,1855,1212.75,0,1],"children":[36]},{"name":"_dd_Geometry_AfterMagnetRegion_T_FT_Layers_lvLayer5X1_pvQuarter3_pvFTModule40x18313ba0","mesh":19},{"matrix":[-1,1.2246467991473532e-16,1.4997597826618576e-32,0,1.2246467991473532e-16,1,1.2246467991473532e-16,0,0,1.2246467991473532e-16,-1,0,2385,1212.75,0,1],"children":[38]},{"matrix":[1,0,0,0,0,1,0,0,0,0,1,0,0,0,-104.9,1],"children":[1,3,5,7,9,11,13,15,17,19,21,23,25,27,29,31,33,35,37,39]},{"name":"_dd_Geometry_AfterMagnetRegion_T_FT_CFrames_lvCFramePair_pvCFramePairIBarLeft0x18314440","mesh":20},{"matrix":[1,0,0,0,0,1,0,0,0,0,1,0,-3830,-160,0,1],"children":[41]},{"name":"_dd_Geometry_AfterMagnetRegion_T_FT_CFrames_lvCFramePair_pvCFramePairIBarRight0x18314500","mesh":21},{"matrix":[1,0,0,0,0,1,0,0,0,0,1,0,3830,-160,0,1],"children":[43]},{"name":"_dd_Geometry_AfterMagnetRegion_T_FT_CFrames_lvCFramePair_pvCFramePairCarrierTop0x18314630","mesh":22},{"matrix":[1,0,0,0,0,1,0,0,0,0,1,0,0,2902.5,0,1],"children":[45]},{"name":"_dd_Geometry_AfterMagnetRegion_T_FT_CFrames_lvCFramePair_pvCFramePairCarrierBottom0x183148e0","mesh":23},{"matrix":[1,0,0,0,0,1,0,0,0,0,1,0,0,-2936,0,1],"children":[47]},{"name":"_dd_Geometry_AfterMagnetRegion_T_FT_CFrames_lvCFramePair_pvCFramePairModuleMountTop0x18314bc0","mesh":24},{"matrix":[1,0,0,0,0,1,0,0,0,0,1,0,0,2526,0,1],"children":[49]},{"name":"_dd_Geometry_AfterMagnetRegion_T_FT_CFrames_lvCFramePair_pvCFramePairModuleMountBottom0x18314e40","mesh":25},{"matrix":[1,0,0,0,0,1,0,0,0,0,1,0,0,-2593,0,1],"children":[51]},{"name":"_dd_Geometry_AfterMagnetRegion_T_FT_CFrames_lvCFramePair_pvCFramePairSupportCablepairRightOuter0x183143e0","mesh":26},{"matrix":[1,0,0,0,0,1,0,0,0,0,1,0,-2649.5,-16.05,0,1],"children":[53]},{"name":"_dd_Geometry_AfterMagnetRegion_T_FT_CFrames_lvCFramePair_pvCFramePairSupportCablepairRightInner0x18316fc0","mesh":27},{"matrix":[1,0,0,0,0,1,0,0,0,0,1,0,-524.5,-16.05,0,1],"children":[55]},{"name":"_dd_Geometry_AfterMagnetRegion_T_FT_CFrames_lvCFramePair_pvCFramePairSupportCablepairLeftInner0x183170c0","mesh":28},{"matrix":[1,0,0,0,0,1,0,0,0,0,1,0,524.5,-16.05,0,1],"children":[57]},{"name":"_dd_Geometry_AfterMagnetRegion_T_FT_CFrames_lvCFramePair_pvCFramePairSupportCablepairLeftOuter0x18317250","mesh":29},{"matrix":[1,0,0,0,0,1,0,0,0,0,1,0,2649.5,-16.05,0,1],"children":[59]},{"name":"_dd_Geometry_AfterMagnetRegion_T_FT_CFrames_lvCFramePair_pvCFramePairSpacerBarLowerLeft0x18318ab0","mesh":30},{"matrix":[1,0,0,0,0,1,0,0,0,0,1,0,1654.5,-1031.25,0,1],"children":[61]},{"name":"_dd_Geometry_AfterMagnetRegion_T_FT_CFrames_lvCFramePair_pvCFramePairSpacerBarLowerRight0x18317350","mesh":31},{"matrix":[-1,1.2246467991473532e-16,1.4997597826618576e-32,0,1.2246467991473532e-16,1,1.2246467991473532e-16,0,0,1.2246467991473532e-16,-1,0,-1654.5,-1031.25,0,1],"children":[63]},{"name":"_dd_Geometry_AfterMagnetRegion_T_FT_CFrames_lvCFramePair_pvCFramePairSpacerBarUpperLeft0x18318d60","mesh":32},{"matrix":[1,0,0,0,0,1,0,0,0,0,1,0,1654.5,968.5,0,1],"children":[65]},{"name":"_dd_Geometry_AfterMagnetRegion_T_FT_CFrames_lvCFramePair_pvCFramePairSpacerBarUpperRight0x18318d00","mesh":33},{"matrix":[-1,1.2246467991473532e-16,1.4997597826618576e-32,0,1.2246467991473532e-16,1,1.2246467991473532e-16,0,0,1.2246467991473532e-16,-1,0,-1654.5,968.5,0,1],"children":[67]},{"matrix":[1,0,0,0,0,1,0,0,0,0,1,0,0,33.5,-70,1],"children":[42,44,46,48,50,52,54,56,58,60,62,64,66,68]},{"name":"_dd_Geometry_AfterMagnetRegion_T_FT_Layers_lvLayer5U_pvQuarter0_pvFTModule00x1831bf80","mesh":34},{"matrix":[-0.9961946980917453,0.0871557427476582,0,0,-0.0871557427476582,-0.9961946980917453,0,0,0,0,1,0,-371.71038396621,-1208.13512011076,0,1],"children":[70]},{"name":"_dd_Geometry_AfterMagnetRegion_T_FT_Layers_lvLayer5U_pvQuarter0_pvFTModule10x1831c070","mesh":35},{"matrix":[-0.9961946980917453,0.0871557427476582,0,0,-0.0871557427476582,-0.9961946980917453,0,0,0,0,1,0,-903.734897864184,-1208.13512011076,0,1],"children":[72]},{"name":"_dd_Geometry_AfterMagnetRegion_T_FT_Layers_lvLayer5U_pvQuarter0_pvFTModule20x1831c160","mesh":36},{"matrix":[-0.9961946980917453,0.0871557427476582,0,0,-0.0871557427476582,-0.9961946980917453,0,0,0,0,1,0,-1435.75941176216,-1208.13512011076,0,1],"children":[74]},{"name":"_dd_Geometry_AfterMagnetRegion_T_FT_Layers_lvLayer5U_pvQuarter0_pvFTModule30x1831c690","mesh":37},{"matrix":[-0.9961946980917453,0.0871557427476582,0,0,-0.0871557427476582,-0.9961946980917453,0,0,0,0,1,0,-1967.78392566013,-1208.13512011076,0,1],"children":[76]},{"name":"_dd_Geometry_AfterMagnetRegion_T_FT_Layers_lvLayer5U_pvQuarter0_pvFTModule40x1831c810","mesh":38},{"matrix":[-0.9961946980917453,0.0871557427476582,0,0,-0.0871557427476582,-0.9961946980917453,0,0,0,0,1,0,-2499.80843955811,-1208.13512011076,0,1],"children":[78]},{"name":"_dd_Geometry_AfterMagnetRegion_T_FT_Layers_lvLayer5U_pvQuarter1_pvFTModule00x19112fb0","mesh":39},{"matrix":[-0.9961946980917453,0.0871557427476582,0,0,-0.0871557427476582,-0.9961946980917453,0,0,0,0,1,0,160.314129931765,-1208.13512011076,0,1],"children":[80]},{"name":"_dd_Geometry_AfterMagnetRegion_T_FT_Layers_lvLayer5U_pvQuarter1_pvFTModule10x191130a0","mesh":40},{"matrix":[-0.9961946980917453,0.0871557427476582,0,0,-0.0871557427476582,-0.9961946980917453,0,0,0,0,1,0,692.338643829739,-1208.13512011076,0,1],"children":[82]},{"name":"_dd_Geometry_AfterMagnetRegion_T_FT_Layers_lvLayer5U_pvQuarter1_pvFTModule20x19113190","mesh":41},{"matrix":[-0.9961946980917453,0.0871557427476582,0,0,-0.0871557427476582,-0.9961946980917453,0,0,0,0,1,0,1224.36315772771,-1208.13512011076,0,1],"children":[84]},{"name":"_dd_Geometry_AfterMagnetRegion_T_FT_Layers_lvLayer5U_pvQuarter1_pvFTModule30x191136c0","mesh":42},{"matrix":[-0.9961946980917453,0.0871557427476582,0,0,-0.0871557427476582,-0.9961946980917453,0,0,0,0,1,0,1756.38767162569,-1208.13512011076,0,1],"children":[86]},{"name":"_dd_Geometry_AfterMagnetRegion_T_FT_Layers_lvLayer5U_pvQuarter1_pvFTModule40x19113840","mesh":43},{"matrix":[-0.9961946980917453,0.0871557427476582,0,0,-0.0871557427476582,-0.9961946980917453,0,0,0,0,1,0,2288.41218552366,-1208.13512011076,0,1],"children":[88]},{"name":"_dd_Geometry_AfterMagnetRegion_T_FT_Layers_lvLayer5U_pvQuarter2_pvFTModule00x191139c0","mesh":44},{"matrix":[0.9961946980917455,-0.08715574274765817,0,0,0.08715574274765817,0.9961946980917455,0,0,0,0,1,0,-160.314129931765,1208.13512011076,0,1],"children":[90]},{"name":"_dd_Geometry_AfterMagnetRegion_T_FT_Layers_lvLayer5U_pvQuarter2_pvFTModule10x19113b40","mesh":45},{"matrix":[0.9961946980917455,-0.08715574274765817,0,0,0.08715574274765817,0.9961946980917455,0,0,0,0,1,0,-692.338643829739,1208.13512011076,0,1],"children":[92]},{"name":"_dd_Geometry_AfterMagnetRegion_T_FT_Layers_lvLayer5U_pvQuarter2_pvFTModule20x19113cc0","mesh":46},{"matrix":[0.9961946980917455,-0.08715574274765817,0,0,0.08715574274765817,0.9961946980917455,0,0,0,0,1,0,-1224.36315772771,1208.13512011076,0,1],"children":[94]},{"name":"_dd_Geometry_AfterMagnetRegion_T_FT_Layers_lvLayer5U_pvQuarter2_pvFTModule30x19113e40","mesh":47},{"matrix":[0.9961946980917455,-0.08715574274765817,0,0,0.08715574274765817,0.9961946980917455,0,0,0,0,1,0,-1756.38767162569,1208.13512011076,0,1],"children":[96]},{"name":"_dd_Geometry_AfterMagnetRegion_T_FT_Layers_lvLayer5U_pvQuarter2_pvFTModule40x19113fc0","mesh":48},{"matrix":[0.9961946980917455,-0.08715574274765817,0,0,0.08715574274765817,0.9961946980917455,0,0,0,0,1,0,-2288.41218552366,1208.13512011076,0,1],"children":[98]},{"name":"_dd_Geometry_AfterMagnetRegion_T_FT_Layers_lvLayer5U_pvQuarter3_pvFTModule00x19114140","mesh":49},{"matrix":[0.9961946980917455,-0.08715574274765817,0,0,0.08715574274765817,0.9961946980917455,0,0,0,0,1,0,371.71038396621,1208.13512011076,0,1],"children":[100]},{"name":"_dd_Geometry_AfterMagnetRegion_T_FT_Layers_lvLayer5U_pvQuarter3_pvFTModule10x191142c0","mesh":50},{"matrix":[0.9961946980917455,-0.08715574274765817,0,0,0.08715574274765817,0.9961946980917455,0,0,0,0,1,0,903.734897864184,1208.13512011076,0,1],"children":[102]},{"name":"_dd_Geometry_AfterMagnetRegion_T_FT_Layers_lvLayer5U_pvQuarter3_pvFTModule20x191144c0","mesh":51},{"matrix":[0.9961946980917455,-0.08715574274765817,0,0,0.08715574274765817,0.9961946980917455,0,0,0,0,1,0,1435.75941176216,1208.13512011076,0,1],"children":[104]},{"name":"_dd_Geometry_AfterMagnetRegion_T_FT_Layers_lvLayer5U_pvQuarter3_pvFTModule30x19114640","mesh":52},{"matrix":[0.9961946980917455,-0.08715574274765817,0,0,0.08715574274765817,0.9961946980917455,0,0,0,0,1,0,1967.78392566013,1208.13512011076,0,1],"children":[106]},{"name":"_dd_Geometry_AfterMagnetRegion_T_FT_Layers_lvLayer5U_pvQuarter3_pvFTModule40x191147c0","mesh":53},{"matrix":[0.9961946980917455,-0.08715574274765817,0,0,0.08715574274765817,0.9961946980917455,0,0,0,0,1,0,2499.80843955811,1208.13512011076,0,1],"children":[108]},{"matrix":[1,0,0,0,0,1,0,0,0,0,1,0,0,0,-35.1,1],"children":[71,73,75,77,79,81,83,85,87,89,91,93,95,97,99,101,103,105,107,109]},{"name":"_dd_Geometry_AfterMagnetRegion_T_FT_Layers_lvLayer5V_pvQuarter0_pvFTModule00x19114f10","mesh":54},{"matrix":[0.9961946980917455,0.08715574274765817,1.0673500138322972e-17,0,0.08715574274765817,-0.9961946980917458,-1.2199866483456202e-16,0,0,1.2246467991473535e-16,-1.0000000000000004,0,-160.314129931765,-1208.13512011076,0,1],"children":[111]},{"name":"_dd_Geometry_AfterMagnetRegion_T_FT_Layers_lvLayer5V_pvQuarter0_pvFTModule10x19115060","mesh":55},{"matrix":[0.9961946980917455,0.08715574274765817,1.0673500138322972e-17,0,0.08715574274765817,-0.9961946980917458,-1.2199866483456202e-16,0,0,1.2246467991473535e-16,-1.0000000000000004,0,-692.338643829739,-1208.13512011076,0,1],"children":[113]},{"name":"_dd_Geometry_AfterMagnetRegion_T_FT_Layers_lvLayer5V_pvQuarter0_pvFTModule20x191151b0","mesh":56},{"matrix":[0.9961946980917455,0.08715574274765817,1.0673500138322972e-17,0,0.08715574274765817,-0.9961946980917458,-1.2199866483456202e-16,0,0,1.2246467991473535e-16,-1.0000000000000004,0,-1224.36315772771,-1208.13512011076,0,1],"children":[115]},{"name":"_dd_Geometry_AfterMagnetRegion_T_FT_Layers_lvLayer5V_pvQuarter0_pvFTModule30x19115360","mesh":57},{"matrix":[0.9961946980917455,0.08715574274765817,1.0673500138322972e-17,0,0.08715574274765817,-0.9961946980917458,-1.2199866483456202e-16,0,0,1.2246467991473535e-16,-1.0000000000000004,0,-1756.38767162569,-1208.13512011076,0,1],"children":[117]},{"name":"_dd_Geometry_AfterMagnetRegion_T_FT_Layers_lvLayer5V_pvQuarter0_pvFTModule40x191154e0","mesh":58},{"matrix":[0.9961946980917455,0.08715574274765817,1.0673500138322972e-17,0,0.08715574274765817,-0.9961946980917458,-1.2199866483456202e-16,0,0,1.2246467991473535e-16,-1.0000000000000004,0,-2288.41218552366,-1208.13512011076,0,1],"children":[119]},{"name":"_dd_Geometry_AfterMagnetRegion_T_FT_Layers_lvLayer5V_pvQuarter1_pvFTModule00x191156b0","mesh":59},{"matrix":[0.9961946980917455,0.08715574274765817,1.0673500138322972e-17,0,0.08715574274765817,-0.9961946980917458,-1.2199866483456202e-16,0,0,1.2246467991473535e-16,-1.0000000000000004,0,371.71038396621,-1208.13512011076,0,1],"children":[121]},{"name":"_dd_Geometry_AfterMagnetRegion_T_FT_Layers_lvLayer5V_pvQuarter1_pvFTModule10x19115800","mesh":60},{"matrix":[0.9961946980917455,0.08715574274765817,1.0673500138322972e-17,0,0.08715574274765817,-0.9961946980917458,-1.2199866483456202e-16,0,0,1.2246467991473535e-16,-1.0000000000000004,0,903.734897864184,-1208.13512011076,0,1],"children":[123]},{"name":"_dd_Geometry_AfterMagnetRegion_T_FT_Layers_lvLayer5V_pvQuarter1_pvFTModule20x19115980","mesh":61},{"matrix":[0.9961946980917455,0.08715574274765817,1.0673500138322972e-17,0,0.08715574274765817,-0.9961946980917458,-1.2199866483456202e-16,0,0,1.2246467991473535e-16,-1.0000000000000004,0,1435.75941176216,-1208.13512011076,0,1],"children":[125]},{"name":"_dd_Geometry_AfterMagnetRegion_T_FT_Layers_lvLayer5V_pvQuarter1_pvFTModule30x19115b00","mesh":62},{"matrix":[0.9961946980917455,0.08715574274765817,1.0673500138322972e-17,0,0.08715574274765817,-0.9961946980917458,-1.2199866483456202e-16,0,0,1.2246467991473535e-16,-1.0000000000000004,0,1967.78392566013,-1208.13512011076,0,1],"children":[127]},{"name":"_dd_Geometry_AfterMagnetRegion_T_FT_Layers_lvLayer5V_pvQuarter1_pvFTModule40x19115c80","mesh":63},{"matrix":[0.9961946980917455,0.08715574274765817,1.0673500138322972e-17,0,0.08715574274765817,-0.9961946980917458,-1.2199866483456202e-16,0,0,1.2246467991473535e-16,-1.0000000000000004,0,2499.80843955811,-1208.13512011076,0,1],"children":[129]},{"name":"_dd_Geometry_AfterMagnetRegion_T_FT_Layers_lvLayer5V_pvQuarter2_pvFTModule00x19115e00","mesh":64},{"matrix":[-0.9961946980917458,-0.0871557427476582,-1.0673500138322975e-17,0,-0.0871557427476582,0.9961946980917455,1.2199866483456202e-16,0,0,1.2246467991473535e-16,-1.0000000000000004,0,-371.71038396621,1208.13512011076,0,1],"children":[131]},{"name":"_dd_Geometry_AfterMagnetRegion_T_FT_Layers_lvLayer5V_pvQuarter2_pvFTModule10x19115f80","mesh":65},{"matrix":[-0.9961946980917458,-0.0871557427476582,-1.0673500138322975e-17,0,-0.0871557427476582,0.9961946980917455,1.2199866483456202e-16,0,0,1.2246467991473535e-16,-1.0000000000000004,0,-903.734897864184,1208.13512011076,0,1],"children":[133]},{"name":"_dd_Geometry_AfterMagnetRegion_T_FT_Layers_lvLayer5V_pvQuarter2_pvFTModule20x19116100","mesh":66},{"matrix":[-0.9961946980917458,-0.0871557427476582,-1.0673500138322975e-17,0,-0.0871557427476582,0.9961946980917455,1.2199866483456202e-16,0,0,1.2246467991473535e-16,-1.0000000000000004,0,-1435.75941176216,1208.13512011076,0,1],"children":[135]},{"name":"_dd_Geometry_AfterMagnetRegion_T_FT_Layers_lvLayer5V_pvQuarter2_pvFTModule30x19116280","mesh":67},{"matrix":[-0.9961946980917458,-0.0871557427476582,-1.0673500138322975e-17,0,-0.0871557427476582,0.9961946980917455,1.2199866483456202e-16,0,0,1.2246467991473535e-16,-1.0000000000000004,0,-1967.78392566013,1208.13512011076,0,1],"children":[137]},{"name":"_dd_Geometry_AfterMagnetRegion_T_FT_Layers_lvLayer5V_pvQuarter2_pvFTModule40x19116400","mesh":68},{"matrix":[-0.9961946980917458,-0.0871557427476582,-1.0673500138322975e-17,0,-0.0871557427476582,0.9961946980917455,1.2199866483456202e-16,0,0,1.2246467991473535e-16,-1.0000000000000004,0,-2499.80843955811,1208.13512011076,0,1],"children":[139]},{"name":"_dd_Geometry_AfterMagnetRegion_T_FT_Layers_lvLayer5V_pvQuarter3_pvFTModule00x19116580","mesh":69},{"matrix":[-0.9961946980917458,-0.0871557427476582,-1.0673500138322975e-17,0,-0.0871557427476582,0.9961946980917455,1.2199866483456202e-16,0,0,1.2246467991473535e-16,-1.0000000000000004,0,160.314129931765,1208.13512011076,0,1],"children":[141]},{"name":"_dd_Geometry_AfterMagnetRegion_T_FT_Layers_lvLayer5V_pvQuarter3_pvFTModule10x19116700","mesh":70},{"matrix":[-0.9961946980917458,-0.0871557427476582,-1.0673500138322975e-17,0,-0.0871557427476582,0.9961946980917455,1.2199866483456202e-16,0,0,1.2246467991473535e-16,-1.0000000000000004,0,692.338643829739,1208.13512011076,0,1],"children":[143]},{"name":"_dd_Geometry_AfterMagnetRegion_T_FT_Layers_lvLayer5V_pvQuarter3_pvFTModule20x19116900","mesh":71},{"matrix":[-0.9961946980917458,-0.0871557427476582,-1.0673500138322975e-17,0,-0.0871557427476582,0.9961946980917455,1.2199866483456202e-16,0,0,1.2246467991473535e-16,-1.0000000000000004,0,1224.36315772771,1208.13512011076,0,1],"children":[145]},{"name":"_dd_Geometry_AfterMagnetRegion_T_FT_Layers_lvLayer5V_pvQuarter3_pvFTModule30x19116a80","mesh":72},{"matrix":[-0.9961946980917458,-0.0871557427476582,-1.0673500138322975e-17,0,-0.0871557427476582,0.9961946980917455,1.2199866483456202e-16,0,0,1.2246467991473535e-16,-1.0000000000000004,0,1756.38767162569,1208.13512011076,0,1],"children":[147]},{"name":"_dd_Geometry_AfterMagnetRegion_T_FT_Layers_lvLayer5V_pvQuarter3_pvFTModule40x19116c00","mesh":73},{"matrix":[-0.9961946980917458,-0.0871557427476582,-1.0673500138322975e-17,0,-0.0871557427476582,0.9961946980917455,1.2199866483456202e-16,0,0,1.2246467991473535e-16,-1.0000000000000004,0,2288.41218552366,1208.13512011076,0,1],"children":[149]},{"matrix":[1,0,0,0,0,1,0,0,0,0,1,0,0,0,35.1,1],"children":[112,114,116,118,120,122,124,126,128,130,132,134,136,138,140,142,144,146,148,150]},{"name":"_dd_Geometry_AfterMagnetRegion_T_FT_CFrames_lvCFramePair_pvCFramePairIBarLeft0x18314440","mesh":74},{"matrix":[1,0,0,0,0,1,0,0,0,0,1,0,-3830,-160,0,1],"children":[152]},{"name":"_dd_Geometry_AfterMagnetRegion_T_FT_CFrames_lvCFramePair_pvCFramePairIBarRight0x18314500","mesh":75},{"matrix":[1,0,0,0,0,1,0,0,0,0,1,0,3830,-160,0,1],"children":[154]},{"name":"_dd_Geometry_AfterMagnetRegion_T_FT_CFrames_lvCFramePair_pvCFramePairCarrierTop0x18314630","mesh":76},{"matrix":[1,0,0,0,0,1,0,0,0,0,1,0,0,2902.5,0,1],"children":[156]},{"name":"_dd_Geometry_AfterMagnetRegion_T_FT_CFrames_lvCFramePair_pvCFramePairCarrierBottom0x183148e0","mesh":77},{"matrix":[1,0,0,0,0,1,0,0,0,0,1,0,0,-2936,0,1],"children":[158]},{"name":"_dd_Geometry_AfterMagnetRegion_T_FT_CFrames_lvCFramePair_pvCFramePairModuleMountTop0x18314bc0","mesh":78},{"matrix":[1,0,0,0,0,1,0,0,0,0,1,0,0,2526,0,1],"children":[160]},{"name":"_dd_Geometry_AfterMagnetRegion_T_FT_CFrames_lvCFramePair_pvCFramePairModuleMountBottom0x18314e40","mesh":79},{"matrix":[1,0,0,0,0,1,0,0,0,0,1,0,0,-2593,0,1],"children":[162]},{"name":"_dd_Geometry_AfterMagnetRegion_T_FT_CFrames_lvCFramePair_pvCFramePairSupportCablepairRightOuter0x183143e0","mesh":80},{"matrix":[1,0,0,0,0,1,0,0,0,0,1,0,-2649.5,-16.05,0,1],"children":[164]},{"name":"_dd_Geometry_AfterMagnetRegion_T_FT_CFrames_lvCFramePair_pvCFramePairSupportCablepairRightInner0x18316fc0","mesh":81},{"matrix":[1,0,0,0,0,1,0,0,0,0,1,0,-524.5,-16.05,0,1],"children":[166]},{"name":"_dd_Geometry_AfterMagnetRegion_T_FT_CFrames_lvCFramePair_pvCFramePairSupportCablepairLeftInner0x183170c0","mesh":82},{"matrix":[1,0,0,0,0,1,0,0,0,0,1,0,524.5,-16.05,0,1],"children":[168]},{"name":"_dd_Geometry_AfterMagnetRegion_T_FT_CFrames_lvCFramePair_pvCFramePairSupportCablepairLeftOuter0x18317250","mesh":83},{"matrix":[1,0,0,0,0,1,0,0,0,0,1,0,2649.5,-16.05,0,1],"children":[170]},{"name":"_dd_Geometry_AfterMagnetRegion_T_FT_CFrames_lvCFramePair_pvCFramePairSpacerBarLowerLeft0x18318ab0","mesh":84},{"matrix":[1,0,0,0,0,1,0,0,0,0,1,0,1654.5,-1031.25,0,1],"children":[172]},{"name":"_dd_Geometry_AfterMagnetRegion_T_FT_CFrames_lvCFramePair_pvCFramePairSpacerBarLowerRight0x18317350","mesh":85},{"matrix":[-1,1.2246467991473532e-16,1.4997597826618576e-32,0,1.2246467991473532e-16,1,1.2246467991473532e-16,0,0,1.2246467991473532e-16,-1,0,-1654.5,-1031.25,0,1],"children":[174]},{"name":"_dd_Geometry_AfterMagnetRegion_T_FT_CFrames_lvCFramePair_pvCFramePairSpacerBarUpperLeft0x18318d60","mesh":86},{"matrix":[1,0,0,0,0,1,0,0,0,0,1,0,1654.5,968.5,0,1],"children":[176]},{"name":"_dd_Geometry_AfterMagnetRegion_T_FT_CFrames_lvCFramePair_pvCFramePairSpacerBarUpperRight0x18318d00","mesh":87},{"matrix":[-1,1.2246467991473532e-16,1.4997597826618576e-32,0,1.2246467991473532e-16,1,1.2246467991473532e-16,0,0,1.2246467991473532e-16,-1,0,-1654.5,968.5,0,1],"children":[178]},{"matrix":[1,0,0,0,0,1,0,0,0,0,1,0,0,33.5,70,1],"children":[153,155,157,159,161,163,165,167,169,171,173,175,177,179]},{"name":"_dd_Geometry_AfterMagnetRegion_T_FT_Layers_lvLayer5X2_pvQuarter0_pvFTModule00x19117420","mesh":88},{"matrix":[-1,-1.2246467991473532e-16,0,0,1.2246467991473532e-16,-1,0,0,0,0,1,0,-265,-1212.75,0,1],"children":[181]},{"name":"_dd_Geometry_AfterMagnetRegion_T_FT_Layers_lvLayer5X2_pvQuarter0_pvFTModule10x19117570","mesh":89},{"matrix":[-1,-1.2246467991473532e-16,0,0,1.2246467991473532e-16,-1,0,0,0,0,1,0,-795,-1212.75,0,1],"children":[183]},{"name":"_dd_Geometry_AfterMagnetRegion_T_FT_Layers_lvLayer5X2_pvQuarter0_pvFTModule20x191176c0","mesh":90},{"matrix":[-1,-1.2246467991473532e-16,0,0,1.2246467991473532e-16,-1,0,0,0,0,1,0,-1325,-1212.75,0,1],"children":[185]},{"name":"_dd_Geometry_AfterMagnetRegion_T_FT_Layers_lvLayer5X2_pvQuarter0_pvFTModule30x19117870","mesh":91},{"matrix":[-1,-1.2246467991473532e-16,0,0,1.2246467991473532e-16,-1,0,0,0,0,1,0,-1855,-1212.75,0,1],"children":[187]},{"name":"_dd_Geometry_AfterMagnetRegion_T_FT_Layers_lvLayer5X2_pvQuarter0_pvFTModule40x191179f0","mesh":92},{"matrix":[-1,-1.2246467991473532e-16,0,0,1.2246467991473532e-16,-1,0,0,0,0,1,0,-2385,-1212.75,0,1],"children":[189]},{"name":"_dd_Geometry_AfterMagnetRegion_T_FT_Layers_lvLayer5X2_pvQuarter1_pvFTModule00x19117bc0","mesh":93},{"matrix":[-1,-1.2246467991473532e-16,0,0,1.2246467991473532e-16,-1,0,0,0,0,1,0,265,-1212.75,0,1],"children":[191]},{"name":"_dd_Geometry_AfterMagnetRegion_T_FT_Layers_lvLayer5X2_pvQuarter1_pvFTModule10x19117d10","mesh":94},{"matrix":[-1,-1.2246467991473532e-16,0,0,1.2246467991473532e-16,-1,0,0,0,0,1,0,795,-1212.75,0,1],"children":[193]},{"name":"_dd_Geometry_AfterMagnetRegion_T_FT_Layers_lvLayer5X2_pvQuarter1_pvFTModule20x19117e90","mesh":95},{"matrix":[-1,-1.2246467991473532e-16,0,0,1.2246467991473532e-16,-1,0,0,0,0,1,0,1325,-1212.75,0,1],"children":[195]},{"name":"_dd_Geometry_AfterMagnetRegion_T_FT_Layers_lvLayer5X2_pvQuarter1_pvFTModule30x19118010","mesh":96},{"matrix":[-1,-1.2246467991473532e-16,0,0,1.2246467991473532e-16,-1,0,0,0,0,1,0,1855,-1212.75,0,1],"children":[197]},{"name":"_dd_Geometry_AfterMagnetRegion_T_FT_Layers_lvLayer5X2_pvQuarter1_pvFTModule40x19118190","mesh":97},{"matrix":[-1,-1.2246467991473532e-16,0,0,1.2246467991473532e-16,-1,0,0,0,0,1,0,2385,-1212.75,0,1],"children":[199]},{"name":"_dd_Geometry_AfterMagnetRegion_T_FT_Layers_lvLayer5X2_pvQuarter2_pvFTModule00x19118310","mesh":98},{"matrix":[1,0,0,0,0,1,0,0,0,0,1,0,-265,1212.75,0,1],"children":[201]},{"name":"_dd_Geometry_AfterMagnetRegion_T_FT_Layers_lvLayer5X2_pvQuarter2_pvFTModule10x19118400","mesh":99},{"matrix":[1,0,0,0,0,1,0,0,0,0,1,0,-795,1212.75,0,1],"children":[203]},{"name":"_dd_Geometry_AfterMagnetRegion_T_FT_Layers_lvLayer5X2_pvQuarter2_pvFTModule20x191184f0","mesh":100},{"matrix":[1,0,0,0,0,1,0,0,0,0,1,0,-1325,1212.75,0,1],"children":[205]},{"name":"_dd_Geometry_AfterMagnetRegion_T_FT_Layers_lvLayer5X2_pvQuarter2_pvFTModule30x191185e0","mesh":101},{"matrix":[1,0,0,0,0,1,0,0,0,0,1,0,-1855,1212.75,0,1],"children":[207]},{"name":"_dd_Geometry_AfterMagnetRegion_T_FT_Layers_lvLayer5X2_pvQuarter2_pvFTModule40x191186d0","mesh":102},{"matrix":[1,0,0,0,0,1,0,0,0,0,1,0,-2385,1212.75,0,1],"children":[209]},{"name":"_dd_Geometry_AfterMagnetRegion_T_FT_Layers_lvLayer5X2_pvQuarter3_pvFTModule00x191187c0","mesh":103},{"matrix":[1,0,0,0,0,1,0,0,0,0,1,0,265,1212.75,0,1],"children":[211]},{"name":"_dd_Geometry_AfterMagnetRegion_T_FT_Layers_lvLayer5X2_pvQuarter3_pvFTModule10x191188b0","mesh":104},{"matrix":[1,0,0,0,0,1,0,0,0,0,1,0,795,1212.75,0,1],"children":[213]},{"name":"_dd_Geometry_AfterMagnetRegion_T_FT_Layers_lvLayer5X2_pvQuarter3_pvFTModule20x19118280","mesh":105},{"matrix":[1,0,0,0,0,1,0,0,0,0,1,0,1325,1212.75,0,1],"children":[215]},{"name":"_dd_Geometry_AfterMagnetRegion_T_FT_Layers_lvLayer5X2_pvQuarter3_pvFTModule30x19118b10","mesh":106},{"matrix":[1,0,0,0,0,1,0,0,0,0,1,0,1855,1212.75,0,1],"children":[217]},{"name":"_dd_Geometry_AfterMagnetRegion_T_FT_Layers_lvLayer5X2_pvQuarter3_pvFTModule40x19118c00","mesh":107},{"matrix":[1,0,0,0,0,1,0,0,0,0,1,0,2385,1212.75,0,1],"children":[219]},{"matrix":[1,0,0,0,0,1,0,0,0,0,1,0,0,0,104.9,1],"children":[182,184,186,188,190,192,194,196,198,200,202,204,206,208,210,212,214,216,218,220]},{"matrix":[1,0,0,0,0,0.999993516406506,0.003600992217523239,0,0,-0.003600992217523239,0.999993516406506,0,0,0,-598.5,1],"children":[40,69,110,151,180,221]},{"name":"_dd_Geometry_AfterMagnetRegion_T_FT_Layers_lvLayer5X1_pvQuarter0_pvFTModule00x1830c950","mesh":108},{"matrix":[1,0,0,0,0,-1,-1.2246467991473532e-16,0,0,1.2246467991473532e-16,-1,0,-265,-1212.75,0,1],"children":[223]},{"name":"_dd_Geometry_AfterMagnetRegion_T_FT_Layers_lvLayer5X1_pvQuarter0_pvFTModule10x1830ef70","mesh":109},{"matrix":[1,0,0,0,0,-1,-1.2246467991473532e-16,0,0,1.2246467991473532e-16,-1,0,-795,-1212.75,0,1],"children":[225]},{"name":"_dd_Geometry_AfterMagnetRegion_T_FT_Layers_lvLayer5X1_pvQuarter0_pvFTModule20x1830f060","mesh":110},{"matrix":[1,0,0,0,0,-1,-1.2246467991473532e-16,0,0,1.2246467991473532e-16,-1,0,-1325,-1212.75,0,1],"children":[227]},{"name":"_dd_Geometry_AfterMagnetRegion_T_FT_Layers_lvLayer5X1_pvQuarter0_pvFTModule30x1830f210","mesh":111},{"matrix":[1,0,0,0,0,-1,-1.2246467991473532e-16,0,0,1.2246467991473532e-16,-1,0,-1855,-1212.75,0,1],"children":[229]},{"name":"_dd_Geometry_AfterMagnetRegion_T_FT_Layers_lvLayer5X1_pvQuarter0_pvFTModule40x1830f7a0","mesh":112},{"matrix":[1,0,0,0,0,-1,-1.2246467991473532e-16,0,0,1.2246467991473532e-16,-1,0,-2385,-1212.75,0,1],"children":[231]},{"name":"_dd_Geometry_AfterMagnetRegion_T_FT_Layers_lvLayer5X1_pvQuarter1_pvFTModule00x18312390","mesh":113},{"matrix":[1,0,0,0,0,-1,-1.2246467991473532e-16,0,0,1.2246467991473532e-16,-1,0,265,-1212.75,0,1],"children":[233]},{"name":"_dd_Geometry_AfterMagnetRegion_T_FT_Layers_lvLayer5X1_pvQuarter1_pvFTModule10x18312480","mesh":114},{"matrix":[1,0,0,0,0,-1,-1.2246467991473532e-16,0,0,1.2246467991473532e-16,-1,0,795,-1212.75,0,1],"children":[235]},{"name":"_dd_Geometry_AfterMagnetRegion_T_FT_Layers_lvLayer5X1_pvQuarter1_pvFTModule20x18312570","mesh":115},{"matrix":[1,0,0,0,0,-1,-1.2246467991473532e-16,0,0,1.2246467991473532e-16,-1,0,1325,-1212.75,0,1],"children":[237]},{"name":"_dd_Geometry_AfterMagnetRegion_T_FT_Layers_lvLayer5X1_pvQuarter1_pvFTModule30x18312aa0","mesh":116},{"matrix":[1,0,0,0,0,-1,-1.2246467991473532e-16,0,0,1.2246467991473532e-16,-1,0,1855,-1212.75,0,1],"children":[239]},{"name":"_dd_Geometry_AfterMagnetRegion_T_FT_Layers_lvLayer5X1_pvQuarter1_pvFTModule40x18312c20","mesh":117},{"matrix":[1,0,0,0,0,-1,-1.2246467991473532e-16,0,0,1.2246467991473532e-16,-1,0,2385,-1212.75,0,1],"children":[241]},{"name":"_dd_Geometry_AfterMagnetRegion_T_FT_Layers_lvLayer5X1_pvQuarter2_pvFTModule00x18312da0","mesh":118},{"matrix":[-1,1.2246467991473532e-16,1.4997597826618576e-32,0,1.2246467991473532e-16,1,1.2246467991473532e-16,0,0,1.2246467991473532e-16,-1,0,-265,1212.75,0,1],"children":[243]},{"name":"_dd_Geometry_AfterMagnetRegion_T_FT_Layers_lvLayer5X1_pvQuarter2_pvFTModule10x18312f20","mesh":119},{"matrix":[-1,1.2246467991473532e-16,1.4997597826618576e-32,0,1.2246467991473532e-16,1,1.2246467991473532e-16,0,0,1.2246467991473532e-16,-1,0,-795,1212.75,0,1],"children":[245]},{"name":"_dd_Geometry_AfterMagnetRegion_T_FT_Layers_lvLayer5X1_pvQuarter2_pvFTModule20x183130a0","mesh":120},{"matrix":[-1,1.2246467991473532e-16,1.4997597826618576e-32,0,1.2246467991473532e-16,1,1.2246467991473532e-16,0,0,1.2246467991473532e-16,-1,0,-1325,1212.75,0,1],"children":[247]},{"name":"_dd_Geometry_AfterMagnetRegion_T_FT_Layers_lvLayer5X1_pvQuarter2_pvFTModule30x18313220","mesh":121},{"matrix":[-1,1.2246467991473532e-16,1.4997597826618576e-32,0,1.2246467991473532e-16,1,1.2246467991473532e-16,0,0,1.2246467991473532e-16,-1,0,-1855,1212.75,0,1],"children":[249]},{"name":"_dd_Geometry_AfterMagnetRegion_T_FT_Layers_lvLayer5X1_pvQuarter2_pvFTModule40x183133a0","mesh":122},{"matrix":[-1,1.2246467991473532e-16,1.4997597826618576e-32,0,1.2246467991473532e-16,1,1.2246467991473532e-16,0,0,1.2246467991473532e-16,-1,0,-2385,1212.75,0,1],"children":[251]},{"name":"_dd_Geometry_AfterMagnetRegion_T_FT_Layers_lvLayer5X1_pvQuarter3_pvFTModule00x18313520","mesh":123},{"matrix":[-1,1.2246467991473532e-16,1.4997597826618576e-32,0,1.2246467991473532e-16,1,1.2246467991473532e-16,0,0,1.2246467991473532e-16,-1,0,265,1212.75,0,1],"children":[253]},{"name":"_dd_Geometry_AfterMagnetRegion_T_FT_Layers_lvLayer5X1_pvQuarter3_pvFTModule10x183136a0","mesh":124},{"matrix":[-1,1.2246467991473532e-16,1.4997597826618576e-32,0,1.2246467991473532e-16,1,1.2246467991473532e-16,0,0,1.2246467991473532e-16,-1,0,795,1212.75,0,1],"children":[255]},{"name":"_dd_Geometry_AfterMagnetRegion_T_FT_Layers_lvLayer5X1_pvQuarter3_pvFTModule20x183138a0","mesh":125},{"matrix":[-1,1.2246467991473532e-16,1.4997597826618576e-32,0,1.2246467991473532e-16,1,1.2246467991473532e-16,0,0,1.2246467991473532e-16,-1,0,1325,1212.75,0,1],"children":[257]},{"name":"_dd_Geometry_AfterMagnetRegion_T_FT_Layers_lvLayer5X1_pvQuarter3_pvFTModule30x18313a20","mesh":126},{"matrix":[-1,1.2246467991473532e-16,1.4997597826618576e-32,0,1.2246467991473532e-16,1,1.2246467991473532e-16,0,0,1.2246467991473532e-16,-1,0,1855,1212.75,0,1],"children":[259]},{"name":"_dd_Geometry_AfterMagnetRegion_T_FT_Layers_lvLayer5X1_pvQuarter3_pvFTModule40x18313ba0","mesh":127},{"matrix":[-1,1.2246467991473532e-16,1.4997597826618576e-32,0,1.2246467991473532e-16,1,1.2246467991473532e-16,0,0,1.2246467991473532e-16,-1,0,2385,1212.75,0,1],"children":[261]},{"matrix":[1,0,0,0,0,1,0,0,0,0,1,0,0,0,-104.9,1],"children":[224,226,228,230,232,234,236,238,240,242,244,246,248,250,252,254,256,258,260,262]},{"name":"_dd_Geometry_AfterMagnetRegion_T_FT_CFrames_lvCFramePair_pvCFramePairIBarLeft0x18314440","mesh":128},{"matrix":[1,0,0,0,0,1,0,0,0,0,1,0,-3830,-160,0,1],"children":[264]},{"name":"_dd_Geometry_AfterMagnetRegion_T_FT_CFrames_lvCFramePair_pvCFramePairIBarRight0x18314500","mesh":129},{"matrix":[1,0,0,0,0,1,0,0,0,0,1,0,3830,-160,0,1],"children":[266]},{"name":"_dd_Geometry_AfterMagnetRegion_T_FT_CFrames_lvCFramePair_pvCFramePairCarrierTop0x18314630","mesh":130},{"matrix":[1,0,0,0,0,1,0,0,0,0,1,0,0,2902.5,0,1],"children":[268]},{"name":"_dd_Geometry_AfterMagnetRegion_T_FT_CFrames_lvCFramePair_pvCFramePairCarrierBottom0x183148e0","mesh":131},{"matrix":[1,0,0,0,0,1,0,0,0,0,1,0,0,-2936,0,1],"children":[270]},{"name":"_dd_Geometry_AfterMagnetRegion_T_FT_CFrames_lvCFramePair_pvCFramePairModuleMountTop0x18314bc0","mesh":132},{"matrix":[1,0,0,0,0,1,0,0,0,0,1,0,0,2526,0,1],"children":[272]},{"name":"_dd_Geometry_AfterMagnetRegion_T_FT_CFrames_lvCFramePair_pvCFramePairModuleMountBottom0x18314e40","mesh":133},{"matrix":[1,0,0,0,0,1,0,0,0,0,1,0,0,-2593,0,1],"children":[274]},{"name":"_dd_Geometry_AfterMagnetRegion_T_FT_CFrames_lvCFramePair_pvCFramePairSupportCablepairRightOuter0x183143e0","mesh":134},{"matrix":[1,0,0,0,0,1,0,0,0,0,1,0,-2649.5,-16.05,0,1],"children":[276]},{"name":"_dd_Geometry_AfterMagnetRegion_T_FT_CFrames_lvCFramePair_pvCFramePairSupportCablepairRightInner0x18316fc0","mesh":135},{"matrix":[1,0,0,0,0,1,0,0,0,0,1,0,-524.5,-16.05,0,1],"children":[278]},{"name":"_dd_Geometry_AfterMagnetRegion_T_FT_CFrames_lvCFramePair_pvCFramePairSupportCablepairLeftInner0x183170c0","mesh":136},{"matrix":[1,0,0,0,0,1,0,0,0,0,1,0,524.5,-16.05,0,1],"children":[280]},{"name":"_dd_Geometry_AfterMagnetRegion_T_FT_CFrames_lvCFramePair_pvCFramePairSupportCablepairLeftOuter0x18317250","mesh":137},{"matrix":[1,0,0,0,0,1,0,0,0,0,1,0,2649.5,-16.05,0,1],"children":[282]},{"name":"_dd_Geometry_AfterMagnetRegion_T_FT_CFrames_lvCFramePair_pvCFramePairSpacerBarLowerLeft0x18318ab0","mesh":138},{"matrix":[1,0,0,0,0,1,0,0,0,0,1,0,1654.5,-1031.25,0,1],"children":[284]},{"name":"_dd_Geometry_AfterMagnetRegion_T_FT_CFrames_lvCFramePair_pvCFramePairSpacerBarLowerRight0x18317350","mesh":139},{"matrix":[-1,1.2246467991473532e-16,1.4997597826618576e-32,0,1.2246467991473532e-16,1,1.2246467991473532e-16,0,0,1.2246467991473532e-16,-1,0,-1654.5,-1031.25,0,1],"children":[286]},{"name":"_dd_Geometry_AfterMagnetRegion_T_FT_CFrames_lvCFramePair_pvCFramePairSpacerBarUpperLeft0x18318d60","mesh":140},{"matrix":[1,0,0,0,0,1,0,0,0,0,1,0,1654.5,968.5,0,1],"children":[288]},{"name":"_dd_Geometry_AfterMagnetRegion_T_FT_CFrames_lvCFramePair_pvCFramePairSpacerBarUpperRight0x18318d00","mesh":141},{"matrix":[-1,1.2246467991473532e-16,1.4997597826618576e-32,0,1.2246467991473532e-16,1,1.2246467991473532e-16,0,0,1.2246467991473532e-16,-1,0,-1654.5,968.5,0,1],"children":[290]},{"matrix":[1,0,0,0,0,1,0,0,0,0,1,0,0,33.5,-70,1],"children":[265,267,269,271,273,275,277,279,281,283,285,287,289,291]},{"name":"_dd_Geometry_AfterMagnetRegion_T_FT_Layers_lvLayer5U_pvQuarter0_pvFTModule00x1831bf80","mesh":142},{"matrix":[-0.9961946980917453,0.0871557427476582,0,0,-0.0871557427476582,-0.9961946980917453,0,0,0,0,1,0,-371.71038396621,-1208.13512011076,0,1],"children":[293]},{"name":"_dd_Geometry_AfterMagnetRegion_T_FT_Layers_lvLayer5U_pvQuarter0_pvFTModule10x1831c070","mesh":143},{"matrix":[-0.9961946980917453,0.0871557427476582,0,0,-0.0871557427476582,-0.9961946980917453,0,0,0,0,1,0,-903.734897864184,-1208.13512011076,0,1],"children":[295]},{"name":"_dd_Geometry_AfterMagnetRegion_T_FT_Layers_lvLayer5U_pvQuarter0_pvFTModule20x1831c160","mesh":144},{"matrix":[-0.9961946980917453,0.0871557427476582,0,0,-0.0871557427476582,-0.9961946980917453,0,0,0,0,1,0,-1435.75941176216,-1208.13512011076,0,1],"children":[297]},{"name":"_dd_Geometry_AfterMagnetRegion_T_FT_Layers_lvLayer5U_pvQuarter0_pvFTModule30x1831c690","mesh":145},{"matrix":[-0.9961946980917453,0.0871557427476582,0,0,-0.0871557427476582,-0.9961946980917453,0,0,0,0,1,0,-1967.78392566013,-1208.13512011076,0,1],"children":[299]},{"name":"_dd_Geometry_AfterMagnetRegion_T_FT_Layers_lvLayer5U_pvQuarter0_pvFTModule40x1831c810","mesh":146},{"matrix":[-0.9961946980917453,0.0871557427476582,0,0,-0.0871557427476582,-0.9961946980917453,0,0,0,0,1,0,-2499.80843955811,-1208.13512011076,0,1],"children":[301]},{"name":"_dd_Geometry_AfterMagnetRegion_T_FT_Layers_lvLayer5U_pvQuarter1_pvFTModule00x19112fb0","mesh":147},{"matrix":[-0.9961946980917453,0.0871557427476582,0,0,-0.0871557427476582,-0.9961946980917453,0,0,0,0,1,0,160.314129931765,-1208.13512011076,0,1],"children":[303]},{"name":"_dd_Geometry_AfterMagnetRegion_T_FT_Layers_lvLayer5U_pvQuarter1_pvFTModule10x191130a0","mesh":148},{"matrix":[-0.9961946980917453,0.0871557427476582,0,0,-0.0871557427476582,-0.9961946980917453,0,0,0,0,1,0,692.338643829739,-1208.13512011076,0,1],"children":[305]},{"name":"_dd_Geometry_AfterMagnetRegion_T_FT_Layers_lvLayer5U_pvQuarter1_pvFTModule20x19113190","mesh":149},{"matrix":[-0.9961946980917453,0.0871557427476582,0,0,-0.0871557427476582,-0.9961946980917453,0,0,0,0,1,0,1224.36315772771,-1208.13512011076,0,1],"children":[307]},{"name":"_dd_Geometry_AfterMagnetRegion_T_FT_Layers_lvLayer5U_pvQuarter1_pvFTModule30x191136c0","mesh":150},{"matrix":[-0.9961946980917453,0.0871557427476582,0,0,-0.0871557427476582,-0.9961946980917453,0,0,0,0,1,0,1756.38767162569,-1208.13512011076,0,1],"children":[309]},{"name":"_dd_Geometry_AfterMagnetRegion_T_FT_Layers_lvLayer5U_pvQuarter1_pvFTModule40x19113840","mesh":151},{"matrix":[-0.9961946980917453,0.0871557427476582,0,0,-0.0871557427476582,-0.9961946980917453,0,0,0,0,1,0,2288.41218552366,-1208.13512011076,0,1],"children":[311]},{"name":"_dd_Geometry_AfterMagnetRegion_T_FT_Layers_lvLayer5U_pvQuarter2_pvFTModule00x191139c0","mesh":152},{"matrix":[0.9961946980917455,-0.08715574274765817,0,0,0.08715574274765817,0.9961946980917455,0,0,0,0,1,0,-160.314129931765,1208.13512011076,0,1],"children":[313]},{"name":"_dd_Geometry_AfterMagnetRegion_T_FT_Layers_lvLayer5U_pvQuarter2_pvFTModule10x19113b40","mesh":153},{"matrix":[0.9961946980917455,-0.08715574274765817,0,0,0.08715574274765817,0.9961946980917455,0,0,0,0,1,0,-692.338643829739,1208.13512011076,0,1],"children":[315]},{"name":"_dd_Geometry_AfterMagnetRegion_T_FT_Layers_lvLayer5U_pvQuarter2_pvFTModule20x19113cc0","mesh":154},{"matrix":[0.9961946980917455,-0.0871557427